line
100 100 0 100 100 200
line
100 100 200 300 100 200
line
300 100 200 300 100 0
line
300 100 0 100 100 0
line
100 100 0 100 300 0
line
300 100 0 300 300 0
line
100 100 200 100 300 200
line
300 100 200 300 300 200
line
100 300 0 300 300 0
line
300 300 0 300 300 200
line
300 300 200 100 300 200
line
100 300 200 100 300 0
save
p1.ppm
ident
move
50 50 50
apply
save
p2.ppm
ident
move
-100 -100 0
scale
1.2 0.9 1.1
move
100 100 0
apply
save
p3.ppm
ident
rotate
x 45
rotate
y 45
move
200 100 0
apply
save
p4.ppm